A(:,:,1)=[1 1 1 3 3 3 6 6 6; 1 1 3 3 3 3 6 6 6; 1 3 3 6 6 6 6 6 6];
A(:,:,2)=[1 1 1 3 3 3 6 6 6; 1 1 3 3 3 3 6 6 6; 1 3 3 6 6 6 6 6 6]+1;
        